"y"	"x1"	"x2"	"x3"	"x4"
1.04870057462179	0.967117781504245	-0.285564721537352	0.0128228333708155	1.83177732352983
-1.03415359052426	-1.34323265373994	0.647470752601883	1.58495734336222	1.19900118786763
5.52223657142956	2.66510169703713	2.70394744878403	-0.0776135507288722	2.30298105274844
-0.132838024389541	-1.02119529095792	1.12266860497721	0.457210485689026	4.25484885685321
0.731643318869569	-0.679940551380347	0.478246256335748	-0.417848512026771	0.733821249312582
-0.464295346854809	-0.397036913125016	0.875574381566828	-0.144900932834268	2.12382902666443
-0.528072918737994	0.570158673296275	-0.526406074680933	2.63934584047471	-0.428623623292644
-0.508430074432934	0.149204301293482	-0.154669286488524	1.58676688975773	0.254951454543144
3.06035651499635	2.47064533662998	0.0610934146007329	1.46893932814105	0.956596918331387
1.21059985090675	0.935446745377885	0.440163121011386	1.69687285315594	-0.657870254942629
3.79174014553634	1.28561222557326	1.91986700369824	0.0497941889538563	1.64471782949246
-0.247412320271692	1.08914619532946	-0.937953800492676	0.315957400444998	1.2988882464586
2.40653748677427	1.21646200846439	1.30782243438358	0.274915851866623	3.00326652547065
0.70933911114479	1.07974390178093	-0.503807770410655	0.614713430301012	1.55279300616588
1.69452530731637	0.328144505658015	1.2035489596677	0.0245104659897297	1.23854173285069
-0.25378286781242	1.21524603523539	-1.57315602573414	0.871374301256635	1.06816167022513
2.47858942436508	2.00743345319861	1.05274214591649	0.0634845611773319	0.0605439662099297
2.09690433593879	1.37025142672559	0.999227122111785	-0.608028091624265	2.21165417557552
1.9992478809112	0.797556713603183	0.948181318781966	1.63089337665226	2.77495029115117
4.33904750946256	2.33106684237302	1.63523176615439	-0.568007102031001	1.38138935510127
-0.665168839701938	-0.254369062140389	0.365087911473361	0.927901785808759	0.476695940416243
1.09458621770954	0.827648638198996	0.67118104187852	-0.144302038049751	1.37081615948061
4.32878228168097	2.59288430594189	1.95480069702283	1.99746272672941	-1.12689505175621
3.19840718160976	1.67490075996583	1.21808501623455	1.97174647031678	0.271888781260066
2.75276415384437	0.948848106758573	1.55212531749428	1.22119422111734	0.493694774700669
1.25785466270786	-0.321669486213488	1.08241769088996	-0.153202548879735	1.30718466103221
3.02441077258231	1.46303251122253	1.13126018991656	1.0103823194888	1.51479096468136
2.83800012332884	1.76309127640476	1.24926385643406	0.20125724650331	1.43035791914897
3.34018735774762	1.72552366106173	1.42826512721815	1.30514263789949	1.77583461557897
-0.53443997096239	0.986210968125437	-0.280749039861253	1.62220080730558	1.23914001052023
0.863109297017769	0.366203882573693	0.0797199952799428	1.97649761135963	1.66728065066751
3.17336842189742	1.28720820591045	1.81243720940555	0.906058602037284	0.764135908576465
4.85819597313022	3.91692760223626	0.629591781810312	1.58489219091661	2.33599974002216
0.619911247791276	1.24422639169967	-0.400894574569508	0.926177142678343	2.85736122080418
1.50303095713897	0.20275843929839	2.62839830324664	0.0446405951007103	-0.997301637334035
2.71639317372121	1.12051841345295	1.68065562452258	1.1876951216403	-0.787681111946168
0.49504796665146	1.93841354487834	-1.03945251290619	1.33575001771753	1.80296906426011
1.69169978230499	0.698761979262348	0.754975151429323	0.21422740034454	1.21257485906619
-0.963099987078585	-0.923630708358482	0.0545112641670278	-0.177903398933146	0.0830811882114409
3.30409684600984	0.654631842062326	1.93026348378555	1.15191925170451	2.1750755125598
3.31911840625272	0.777356385054105	1.45070285680231	0.826878097095713	1.89225863347938
1.8129649590393	0.301126833412582	1.30773889736622	2.05819353891727	2.12995811532723
2.3891710498848	1.88253619208232	0.0341861224611354	1.0933072409428	0.673614632468611
2.4172770053805	0.473615308949983	1.39732826058837	0.622217995336233	0.2008605803476
0.899281001269254	0.0291889515859294	1.15923116737899	1.46771578778275	3.11254091062084
3.09538857148257	-0.011920817836206	3.22224269246617	1.06554476176407	0.587141930789818
0.880277688077764	0.0109838161368039	1.55074170581582	0.771619741634119	1.59412029036046
2.24135305689405	1.25038406577842	1.78794667611797	1.63841465425059	2.35814990233293
5.06934976166572	1.65235263954464	2.10450578689786	0.789911461367401	0.0855013117378082
1.24050976533927	0.410972285012871	0.576890756276419	0.914678150643426	1.6425320584479
0.733067101515082	1.73581698845004	-0.937511130165595	0.351941640220063	0.19984351631238
1.4740501296675	0.948346005505077	-0.211299812127123	0.631832009957771	2.03365315277661
2.251463132755	-0.0148955402918083	2.40841586116681	0.178089463243662	2.2678202655984
3.73771696449958	1.15170583976298	1.9676264826754	-0.738894809255784	1.84666744256568
3.81764573677072	1.19700965629187	2.56997342589024	1.92206500043568	2.15462996234984
2.53764753566496	2.36686896330481	-0.498617098814634	2.22835795235323	0.27880027237921
4.08608173869684	2.28392678976065	2.55294802952921	2.40222923653332	1.9269495992302
1.59267728432723	1.06905742569843	1.10697560914441	1.26071331071143	0.792809110319338
1.1262020080685	0.902608486811985	-0.432684821385206	1.87741332146485	0.492632221563751
2.70660827393656	0.72737701419524	1.75216819305922	1.55364709591905	2.03000656403728
1.70900234126574	0.864072066684765	0.934820965799374	2.87450978667204	1.84652233071647
4.85511794071826	1.47647329040967	2.22235016145907	2.13284179509225	-0.903613156609827
5.45106738247857	2.83599023040546	2.35371689448856	1.11925145052275	2.2530709503205
2.83450245705706	-0.166943699241456	1.90058372799149	2.57545784658349	0.256834695886255
0.944771533042133	0.783549045830931	0.317006581390381	-1.84613109752876	0.502976498721309
3.89101402387857	0.937393202240602	3.25805626334541	0.514544836255846	1.89421914668153
4.60232748527508	2.5673729959033	1.17954123058195	-0.198831744282274	0.789393654336082
3.65035608990346	2.07359526199429	1.84830688727042	0.933786624369685	3.28256704804144
1.37529955740571	1.66743563608036	0.488259714509913	1.13450480960812	1.31222090146012
2.09331247990215	1.07856577095845	1.54092869684993	2.66424843091138	1.62642753030297
2.79848042773204	1.73088523627857	1.45660500951635	-1.06197766880306	0.543557042637112
1.43150110741873	1.03091307792323	0.0286266570144174	1.13732210465298	0.148292329920315
2.23748780457924	1.72226117307472	0.271837307526039	1.80726651183895	3.4383165123997
2.04536401981935	0.853550655134907	0.874953877775005	0.786780459782632	0.832404492192791
1.86584969360999	1.26901352187644	0.80941370652426	0.983740180920862	-0.0165706525027292
0.641398389491253	0.254584667971933	-0.208832147422173	0.118603576446535	0.73603454909017
1.33053114929676	1.71399485989693	0.351628856685724	0.894614768801539	0.317376580983529
1.23760175953796	1.37658133182535	0.0148851067046587	0.798590915981407	-0.0744176238128667
3.74232210358517	1.64476867631276	1.54759920395933	2.39389416161179	1.30879118237237
2.4822222765601	1.95397579259153	-0.0365577700078341	-0.362128837192025	0.806301035727081
-0.408144414977757	4.89134141452214	5.27101534292436	0.0387979757576219	0.300262208049268
0.171384412476385	4.57696246631957	4.98796161514291	0.0959710796862103	0.30832222230086
0.117118579995657	5.02479435851006	5.05833372370949	0.14064247752546	0.00169253510270479
-0.200555667956616	4.8738578049352	5.05971276279237	0.260508845406678	0.0219549111099792
0.186431562706989	4.76184222675332	5.16151453920925	-0.0921919453399349	-0.12326713050069
-0.152919419040137	4.93753531569032	5.24159912846656	0.1181374176989	0.00513883167444623
0.105864873121406	5.15188759102112	5.00552816807202	-0.184948706571211	0.384356958251281
-0.0826202598213081	5.13993198002448	4.91735301034163	0.0769188984295199	0.280879957196492
0.301573178993977	5.3083842635565	4.85174628340703	0.0286839732047187	-0.0337084301892451
0.424703250518279	5.16325686587839	4.94846421836432	0.144921583474557	0.372083724898109
5.06715726875742	0.097300115773385	0.31950516410205	5.17618486724228	5.28116655260288
5.08679464619073	-0.348822773724009	0.149718935435095	4.80309220879272	5.13756643549888
5.27532776611349	-0.0950355499880759	0.156828017828616	4.79512791345487	4.97362667406014
5.08665708811187	0.275016620538896	0.271949617849788	4.95505778449412	4.72018556113135
4.74873975828576	-0.223960058870109	-0.110253100880809	5.21335880822045	4.92715795003171
4.83678230086714	0.183913914522387	0.19042829804791	5.26714413803678	4.67423499202908
4.85070768737654	0.227312260654674	-0.0416756059137689	5.10285762654942	5.11373231543313
4.90695094210146	-0.391754823861284	-0.0452683377934452	4.92792311463296	5.23682804828158
4.80183027683205	-0.146833823167311	0.053387992242284	4.92920551219179	4.97401462732349
5.18929879859561	0.307183074337528	-0.0578313084997669	4.84583572267658	5.12912112745426
